hw4_p1

ans =

   -0.6250
    0.1250


ans =

    1.0000    0.7500
    0.7500   -1.0000

  iterations          x          y        res
           0     0.5000     0.5000   6.37e-01
           1     0.8400     0.8800   3.93e-01
           2     0.7333     0.7905   3.73e-02
           3     0.7171     0.7863   6.36e-04
           4     0.7168     0.7863   2.09e-07

ans =

   -0.6250
    0.6250


ans =

    1.0000    0.7500
    0.7500    1.0000

  iterations          x          y        res
           0     0.5000     0.5000   8.84e-01
           1     3.0000    -2.0000   3.12e+01
           2     1.9224    -1.4612   9.50e+00
           3     1.1985    -0.9604   2.93e+00
           4     0.7662    -0.4236   1.01e+00
           5     0.7399     0.5597   1.01e+00
           6    11.5294   -16.1375   4.45e+03
           7     7.4640   -10.8072   1.32e+03
           8     4.7364    -7.2447   3.92e+02
           9     2.8885    -4.8548   1.17e+02
          10     1.6023    -3.2353   3.55e+01
          11     0.6247    -2.1070   1.11e+01
          12    -0.5125    -1.2522   3.18e+00
          13    -1.5262    -0.8989   2.57e+00
          14    -1.0923    -0.6013   6.92e-01
          15    -0.4715     0.6715   7.62e-01
          16    -1.1375     0.5583   1.02e+00
          17    -0.9149     0.5995   1.65e-01
          18    -0.8676     0.6310   6.45e-03
          19    -0.8654     0.6309   1.44e-05
          20    -0.8654     0.6309   5.97e-11
diary off
