--------------- Problem 2 ---------------
ans =

    0.1000    1.0100         0         0         0
    0.3000    1.3500    1.6050         0         0
    0.5000    2.1100    1.9200    1.8806         0
    0.7000    2.9500    1.9000    1.9125    1.8992

