
A =

    1.0000    1.0000    1.0000    1.0000
   -2.0000   -1.0000    2.0000    3.0000
    2.0000    0.5000    2.0000    4.5000
   -1.3333   -0.1667    1.3333    4.5000

--------------- Problem 4 ---------------
c1 =

      -1/20    
      -1/3     
       7/12    
      -1/5     


c2 =

       2/5     
      -1/2     
      -1/108086391056891904
       1/10    


c1 =

  -0.050000000000000
  -0.333333333333333
   0.583333333333333
  -0.200000000000000


c2 =

   0.400000000000000
  -0.500000000000000
  -0.000000000000000
   0.100000000000000

