
y =

    1.4513    1.9491


C =

    0.1818         0    1.1545    1.1000
   -2.5000    0.2727    1.2909    1.7000
    1.8182   -2.7273    0.3091    2.1000


f0 =

    1.2156


f1 =

    1.4513


f2 =

    1.9491


ans =

   -1.1111    1.3333    0.8111    1.1000
   -1.1111   -0.3333    1.3111    1.7000
   -1.1111   -1.6667    0.5111    2.1000


ans =

    1.8000


ans =

    1.8000

