--------------- Problem 3 ---------------
ans =

    0.1000    1.0100         0         0         0
    0.3000    1.3500    1.7000         0         0
    0.5000    2.1100    3.8000    5.2500         0
    0.7000    2.9500    4.2000    1.0000   -7.0833


y =

    1.5139

